05:49 124384 6912 70016
05:50 124384 6968 69956
05:51 124384 6728 70200
05:52 124384 6712 70216
05:53 124384 6712 70216
05:54 124384 6712 70216
05:55 124384 6684 70244
05:56 124384 6764 70164
05:57 124384 6684 70244
05:58 124384 6740 70188
05:59 124384 6684 70244
06:00 124384 6736 70192
06:01 124384 6908 70016
06:02 124384 6736 70188
06:03 124384 6708 70216
06:04 124384 6760 70164
06:05 124384 6708 70216
06:06 124384 6708 70216
06:07 124384 6680 70244
06:08 124384 6708 70216
06:09 124384 6708 70216
06:10 124384 6680 70244
06:11 124384 6680 70244
06:12 124384 6760 70164
06:13 124384 6732 70192
06:14 124384 6708 70216
06:15 124384 6708 70216
06:16 124384 6760 70164
06:17 124384 6708 70216
06:18 124384 6708 70216
06:19 124384 6708 70216
06:20 124384 6708 70216
06:21 124384 6708 70216
06:22 124384 6760 70164
06:23 124384 6760 70164
06:23 124384 7004 69916
06:24 124384 6708 70216
06:25 124384 6736 70188
06:26 124384 6732 70192
06:27 124384 6828 70092
06:28 124384 6708 70216
06:29 124384 6696 70228
06:30 124384 6708 70216
